Experiment ID: exp_2

Accuracy: 0.9629013396
Precision: 0.9999569227
Recall (Detection Rate): 0.9629125926
F1 Score: 0.9810851974
False Positive Rate: 0.0509090909

Confusion Matrix:
              | Predicted Negative | Predicted Positive
True Negative |                261 |                 14
True Positive |              12517 |             324983


Detection Rate by DGA Family:
corebot: 1.0000000000
emotet: 1.0000000000
murofet: 1.0000000000
qadars: 1.0000000000
ramdo: 1.0000000000
ranbyus: 1.0000000000
rovnix: 1.0000000000
gozi: 0.9993333333
fobber: 0.9988888889
padcrypt: 0.9987407407
dircrypt: 0.9984444444
ramnit: 0.9980000000
matsnu: 0.9962222222
necurs: 0.9957777778
tinba: 0.9954074074
pykspa: 0.9920740741
cryptolocker: 0.9806666667
kraken: 0.9742222222
simda: 0.9651851852
pushdo: 0.9622222222
nymaim: 0.9448888889
suppobox: 0.9412592593
vawtrak: 0.9271111111
conficker: 0.8632592593
symmi: 0.5411111111


Feature Importance by DGA Family:
family       | detection_rate | alphanumeric_ratio | digit_ratio | entropy | has_digits | length  | ngram_avg_freq | ngram_rarity_score | rare_ngram_count | rare_ngram_ratio | subdomain_count | vowel_ratio
-------------------------------------------------------------------------------------------------------------------------------------------------------------------------------------------------------------
corebot      | 1.0000         | 0.9276             | 0.1770      | 4.0763  | 0.9950     | 28.0093 | 14.0422        | 0.9816             | 19.7780          | 0.8576           | 3.0000          | 0.1415     
emotet       | 1.0000         | 0.9474             | 0.0000      | 3.6834  | 0.0000     | 19.0000 | 2.4184         | 0.9968             | 14.2499          | 0.9500           | 2.0000          | 0.2734     
murofet      | 1.0000         | 0.9633             | 0.0994      | 4.0780  | 0.3534     | 30.3697 | 2.8187         | 0.9963             | 24.0136          | 0.9516           | 2.0000          | 0.1792     
qadars       | 1.0000         | 0.9375             | 0.2070      | 3.5362  | 0.9782     | 16.0000 | 2.3435         | 0.9969             | 10.3956          | 0.9451           | 2.0000          | 0.2647     
ramdo        | 1.0000         | 0.9500             | 0.0000      | 3.3934  | 0.0000     | 20.0000 | 0.7295         | 0.9990             | 14.1307          | 0.9420           | 2.0000          | 0.3580     
ranbyus      | 1.0000         | 0.9502             | 0.0000      | 3.7219  | 0.0000     | 20.1153 | 2.4039         | 0.9968             | 15.0658          | 0.9498           | 2.0000          | 0.2010     
rovnix       | 1.0000         | 0.9537             | 0.1961      | 3.9428  | 0.9916     | 21.5999 | 1.9641         | 0.9974             | 16.3230          | 0.9602           | 2.0000          | 0.1588     
gozi         | 0.9993         | 0.9560             | 0.0000      | 3.5474  | 0.0000     | 23.2570 | 5.9081         | 0.9922             | 14.3979          | 0.7884           | 2.0000          | 0.3994     
fobber       | 0.9989         | 0.9289             | 0.0000      | 3.4329  | 0.0000     | 14.0830 | 2.1196         | 0.9972             | 8.6593           | 0.9533           | 2.0000          | 0.2091     
padcrypt     | 0.9987         | 0.9479             | 0.0000      | 3.1912  | 0.0000     | 20.3683 | 8.7631         | 0.9885             | 13.6340          | 0.8991           | 2.0616          | 0.2639     
dircrypt     | 0.9984         | 0.9420             | 0.0000      | 3.6361  | 0.0000     | 18.0448 | 2.1108         | 0.9972             | 12.4484          | 0.9545           | 2.0000          | 0.2052     
ramnit       | 0.9980         | 0.9405             | 0.0000      | 3.5897  | 0.0000     | 17.5053 | 2.3885         | 0.9969             | 11.8815          | 0.9499           | 2.0000          | 0.2140     
matsnu       | 0.9962         | 0.9642             | 0.0000      | 3.7520  | 0.0000     | 30.1402 | 8.8015         | 0.9884             | 19.7896          | 0.7871           | 2.0000          | 0.3628     
necurs       | 0.9958         | 0.9375             | 0.0000      | 3.5483  | 0.0000     | 17.1367 | 2.2689         | 0.9970             | 12.3397          | 0.9510           | 2.0000          | 0.1969     
tinba        | 0.9954         | 0.9349             | 0.0002      | 3.4556  | 0.0008     | 15.8489 | 2.1779         | 0.9971             | 10.5599          | 0.9522           | 2.0331          | 0.1847     
pykspa       | 0.9921         | 0.9282             | 0.0000      | 3.3727  | 0.0000     | 14.5173 | 1.7569         | 0.9977             | 8.6518           | 0.9243           | 2.0000          | 0.2999     
cryptolocker | 0.9807         | 0.9361             | 0.0000      | 3.6321  | 0.0000     | 17.7901 | 2.4271         | 0.9968             | 11.9933          | 0.9311           | 2.1429          | 0.2236     
kraken       | 0.9742         | 0.9022             | 0.0000      | 3.3736  | 0.0000     | 15.2510 | 2.1753         | 0.9971             | 9.6710           | 0.9308           | 2.5001          | 0.1967     
simda        | 0.9652         | 0.9130             | 0.0000      | 3.1939  | 0.0000     | 11.6513 | 3.1785         | 0.9958             | 5.6439           | 0.9082           | 2.0000          | 0.3636     
pushdo       | 0.9622         | 0.9091             | 0.0000      | 3.0968  | 0.0000     | 11.0000 | 2.7440         | 0.9964             | 6.3213           | 0.9030           | 2.0000          | 0.4140     
nymaim       | 0.9449         | 0.9137             | 0.0000      | 3.4821  | 0.0000     | 17.6810 | 9.4796         | 0.9876             | 10.7003          | 0.8012           | 2.0000          | 0.3218     
suppobox     | 0.9413         | 0.9391             | 0.0000      | 3.3060  | 0.0000     | 17.3807 | 9.9235         | 0.9870             | 9.5679           | 0.7767           | 2.0000          | 0.3442     
vawtrak      | 0.9271         | 0.9222             | 0.0000      | 3.2796  | 0.0000     | 13.0053 | 5.6032         | 0.9926             | 6.9743           | 0.8699           | 2.0000          | 0.3511     
conficker    | 0.8633         | 0.8755             | 0.0000      | 3.0925  | 0.0001     | 10.8847 | 3.1925         | 0.9958             | 5.5569           | 0.8424           | 2.3579          | 0.1885     
symmi        | 0.5411         | 0.9012             | 0.0000      | 3.5307  | 0.0000     | 20.5055 | 20.1132        | 0.9736             | 12.1288          | 0.7796           | 3.0000          | 0.3273     
