Experiment ID: exp_3

Accuracy: 0.9805195766
Precision: 0.9999607187
Recall (Detection Rate): 0.9805422222
F1 Score: 0.9901562729
False Positive Rate: 0.0472727273

Confusion Matrix:
              | Predicted Negative | Predicted Positive
True Negative |                262 |                 13
True Positive |               6567 |             330933


Detection Rate by DGA Family:
emotet: 1.0000000000
fobber: 1.0000000000
murofet: 1.0000000000
necurs: 1.0000000000
pushdo: 1.0000000000
pykspa: 1.0000000000
qadars: 1.0000000000
ramdo: 1.0000000000
ranbyus: 1.0000000000
rovnix: 1.0000000000
dircrypt: 0.9999259259
ramnit: 0.9999259259
corebot: 0.9997777778
padcrypt: 0.9995555556
gozi: 0.9994814815
simda: 0.9990370370
tinba: 0.9984444444
kraken: 0.9957037037
vawtrak: 0.9942962963
cryptolocker: 0.9914814815
matsnu: 0.9897777778
suppobox: 0.9885925926
conficker: 0.9517777778
nymaim: 0.9105925926
symmi: 0.6951851852


Feature Importance by DGA Family:
family       | detection_rate | alphanumeric_ratio | entropy | length  | ngram_avg_freq | ngram_rarity_score | rare_ngram_count | rare_ngram_ratio | vowel_ratio
----------------------------------------------------------------------------------------------------------------------------------------------------------------
emotet       | 1.0000         | 0.9474             | 3.6834  | 19.0000 | 2.4184         | 0.9968             | 14.2499          | 0.9500           | 0.2734     
fobber       | 1.0000         | 0.9289             | 3.4329  | 14.0830 | 2.1196         | 0.9972             | 8.6593           | 0.9533           | 0.2091     
murofet      | 1.0000         | 0.9633             | 4.0780  | 30.3697 | 2.8187         | 0.9963             | 24.0136          | 0.9516           | 0.1792     
necurs       | 1.0000         | 0.9375             | 3.5483  | 17.1367 | 2.2689         | 0.9970             | 12.3397          | 0.9510           | 0.1969     
pushdo       | 1.0000         | 0.9091             | 3.0968  | 11.0000 | 2.7440         | 0.9964             | 6.3213           | 0.9030           | 0.4140     
pykspa       | 1.0000         | 0.9282             | 3.3727  | 14.5173 | 1.7569         | 0.9977             | 8.6518           | 0.9243           | 0.2999     
qadars       | 1.0000         | 0.9375             | 3.5362  | 16.0000 | 2.3435         | 0.9969             | 10.3956          | 0.9451           | 0.2647     
ramdo        | 1.0000         | 0.9500             | 3.3934  | 20.0000 | 0.7295         | 0.9990             | 14.1307          | 0.9420           | 0.3580     
ranbyus      | 1.0000         | 0.9502             | 3.7219  | 20.1153 | 2.4039         | 0.9968             | 15.0658          | 0.9498           | 0.2010     
rovnix       | 1.0000         | 0.9537             | 3.9428  | 21.5999 | 1.9641         | 0.9974             | 16.3230          | 0.9602           | 0.1588     
dircrypt     | 0.9999         | 0.9420             | 3.6361  | 18.0448 | 2.1108         | 0.9972             | 12.4484          | 0.9545           | 0.2052     
ramnit       | 0.9999         | 0.9405             | 3.5897  | 17.5053 | 2.3885         | 0.9969             | 11.8815          | 0.9499           | 0.2140     
corebot      | 0.9998         | 0.9276             | 4.0763  | 28.0093 | 14.0422        | 0.9816             | 19.7780          | 0.8576           | 0.1415     
padcrypt     | 0.9996         | 0.9479             | 3.1912  | 20.3683 | 8.7631         | 0.9885             | 13.6340          | 0.8991           | 0.2639     
gozi         | 0.9995         | 0.9560             | 3.5474  | 23.2570 | 5.9081         | 0.9922             | 14.3979          | 0.7884           | 0.3994     
simda        | 0.9990         | 0.9130             | 3.1939  | 11.6513 | 3.1785         | 0.9958             | 5.6439           | 0.9082           | 0.3636     
tinba        | 0.9984         | 0.9349             | 3.4556  | 15.8489 | 2.1779         | 0.9971             | 10.5599          | 0.9522           | 0.1847     
kraken       | 0.9957         | 0.9022             | 3.3736  | 15.2510 | 2.1753         | 0.9971             | 9.6710           | 0.9308           | 0.1967     
vawtrak      | 0.9943         | 0.9222             | 3.2796  | 13.0053 | 5.6032         | 0.9926             | 6.9743           | 0.8699           | 0.3511     
cryptolocker | 0.9915         | 0.9361             | 3.6321  | 17.7901 | 2.4271         | 0.9968             | 11.9933          | 0.9311           | 0.2236     
matsnu       | 0.9898         | 0.9642             | 3.7520  | 30.1402 | 8.8015         | 0.9884             | 19.7896          | 0.7871           | 0.3628     
suppobox     | 0.9886         | 0.9391             | 3.3060  | 17.3807 | 9.9235         | 0.9870             | 9.5679           | 0.7767           | 0.3442     
conficker    | 0.9518         | 0.8755             | 3.0925  | 10.8847 | 3.1925         | 0.9958             | 5.5569           | 0.8424           | 0.1885     
nymaim       | 0.9106         | 0.9137             | 3.4821  | 17.6810 | 9.4796         | 0.9876             | 10.7003          | 0.8012           | 0.3218     
symmi        | 0.6952         | 0.9012             | 3.5307  | 20.5055 | 20.1132        | 0.9736             | 12.1288          | 0.7796           | 0.3273     
