Experiment ID: exp_6

Accuracy: 0.9863489009
Precision: 0.9999639545
Recall (Detection Rate): 0.9863733333
F1 Score: 0.9931221501
False Positive Rate: 0.0436363636

Confusion Matrix:
              | Predicted Negative | Predicted Positive
True Negative |                263 |                 12
True Positive |               4599 |             332901


Detection Rate by DGA Family:
corebot: 1.0000000000
dircrypt: 1.0000000000
emotet: 1.0000000000
fobber: 1.0000000000
gozi: 1.0000000000
murofet: 1.0000000000
necurs: 1.0000000000
pushdo: 1.0000000000
pykspa: 1.0000000000
qadars: 1.0000000000
ramdo: 1.0000000000
ramnit: 1.0000000000
ranbyus: 1.0000000000
rovnix: 1.0000000000
simda: 1.0000000000
suppobox: 1.0000000000
vawtrak: 1.0000000000
padcrypt: 0.9997037037
matsnu: 0.9996296296
tinba: 0.9986666667
nymaim: 0.9962222222
kraken: 0.9961481481
cryptolocker: 0.9934814815
conficker: 0.9448148148
symmi: 0.7306666667


Feature Importance by DGA Family:
family       | detection_rate | alphanumeric_ratio | entropy | length  | ngram_avg_freq | ngram_rarity_score | rare_ngram_count | rare_ngram_ratio | subdomain_count | vowel_ratio
----------------------------------------------------------------------------------------------------------------------------------------------------------------------------------
corebot      | 1.0000         | 0.9276             | 4.0763  | 28.0093 | 14.0422        | 0.9816             | 19.7780          | 0.8576           | 3.0000          | 0.1415     
dircrypt     | 1.0000         | 0.9420             | 3.6361  | 18.0448 | 2.1108         | 0.9972             | 12.4484          | 0.9545           | 2.0000          | 0.2052     
emotet       | 1.0000         | 0.9474             | 3.6834  | 19.0000 | 2.4184         | 0.9968             | 14.2499          | 0.9500           | 2.0000          | 0.2734     
fobber       | 1.0000         | 0.9289             | 3.4329  | 14.0830 | 2.1196         | 0.9972             | 8.6593           | 0.9533           | 2.0000          | 0.2091     
gozi         | 1.0000         | 0.9560             | 3.5474  | 23.2570 | 5.9081         | 0.9922             | 14.3979          | 0.7884           | 2.0000          | 0.3994     
murofet      | 1.0000         | 0.9633             | 4.0780  | 30.3697 | 2.8187         | 0.9963             | 24.0136          | 0.9516           | 2.0000          | 0.1792     
necurs       | 1.0000         | 0.9375             | 3.5483  | 17.1367 | 2.2689         | 0.9970             | 12.3397          | 0.9510           | 2.0000          | 0.1969     
pushdo       | 1.0000         | 0.9091             | 3.0968  | 11.0000 | 2.7440         | 0.9964             | 6.3213           | 0.9030           | 2.0000          | 0.4140     
pykspa       | 1.0000         | 0.9282             | 3.3727  | 14.5173 | 1.7569         | 0.9977             | 8.6518           | 0.9243           | 2.0000          | 0.2999     
qadars       | 1.0000         | 0.9375             | 3.5362  | 16.0000 | 2.3435         | 0.9969             | 10.3956          | 0.9451           | 2.0000          | 0.2647     
ramdo        | 1.0000         | 0.9500             | 3.3934  | 20.0000 | 0.7295         | 0.9990             | 14.1307          | 0.9420           | 2.0000          | 0.3580     
ramnit       | 1.0000         | 0.9405             | 3.5897  | 17.5053 | 2.3885         | 0.9969             | 11.8815          | 0.9499           | 2.0000          | 0.2140     
ranbyus      | 1.0000         | 0.9502             | 3.7219  | 20.1153 | 2.4039         | 0.9968             | 15.0658          | 0.9498           | 2.0000          | 0.2010     
rovnix       | 1.0000         | 0.9537             | 3.9428  | 21.5999 | 1.9641         | 0.9974             | 16.3230          | 0.9602           | 2.0000          | 0.1588     
simda        | 1.0000         | 0.9130             | 3.1939  | 11.6513 | 3.1785         | 0.9958             | 5.6439           | 0.9082           | 2.0000          | 0.3636     
suppobox     | 1.0000         | 0.9391             | 3.3060  | 17.3807 | 9.9235         | 0.9870             | 9.5679           | 0.7767           | 2.0000          | 0.3442     
vawtrak      | 1.0000         | 0.9222             | 3.2796  | 13.0053 | 5.6032         | 0.9926             | 6.9743           | 0.8699           | 2.0000          | 0.3511     
padcrypt     | 0.9997         | 0.9479             | 3.1912  | 20.3683 | 8.7631         | 0.9885             | 13.6340          | 0.8991           | 2.0616          | 0.2639     
matsnu       | 0.9996         | 0.9642             | 3.7520  | 30.1402 | 8.8015         | 0.9884             | 19.7896          | 0.7871           | 2.0000          | 0.3628     
tinba        | 0.9987         | 0.9349             | 3.4556  | 15.8489 | 2.1779         | 0.9971             | 10.5599          | 0.9522           | 2.0331          | 0.1847     
nymaim       | 0.9962         | 0.9137             | 3.4821  | 17.6810 | 9.4796         | 0.9876             | 10.7003          | 0.8012           | 2.0000          | 0.3218     
kraken       | 0.9961         | 0.9022             | 3.3736  | 15.2510 | 2.1753         | 0.9971             | 9.6710           | 0.9308           | 2.5001          | 0.1967     
cryptolocker | 0.9935         | 0.9361             | 3.6321  | 17.7901 | 2.4271         | 0.9968             | 11.9933          | 0.9311           | 2.1429          | 0.2236     
conficker    | 0.9448         | 0.8755             | 3.0925  | 10.8847 | 3.1925         | 0.9958             | 5.5569           | 0.8424           | 2.3579          | 0.1885     
symmi        | 0.7307         | 0.9012             | 3.5307  | 20.5055 | 20.1132        | 0.9736             | 12.1288          | 0.7796           | 3.0000          | 0.3273     
