Experiment ID: exp_4

Accuracy: 0.9176818888
Precision: 0.9999580267
Recall (Detection Rate): 0.9176533333
F1 Score: 0.9570394039
False Positive Rate: 0.0472727273

Confusion Matrix:
              | Predicted Negative | Predicted Positive
True Negative |                262 |                 13
True Positive |              27792 |             309708


Detection Rate by DGA Family:
corebot: 1.0000000000
emotet: 1.0000000000
murofet: 1.0000000000
qadars: 1.0000000000
ramdo: 1.0000000000
ranbyus: 1.0000000000
rovnix: 1.0000000000
padcrypt: 0.9996296296
gozi: 0.9971851852
tinba: 0.9937777778
matsnu: 0.9870370370
dircrypt: 0.9856296296
cryptolocker: 0.9837037037
fobber: 0.9833333333
ramnit: 0.9814074074
necurs: 0.9697777778
pykspa: 0.9509629630
kraken: 0.9274814815
suppobox: 0.8510370370
nymaim: 0.8148888889
simda: 0.7615555556
vawtrak: 0.7573333333
symmi: 0.7179259259
conficker: 0.6494074074
pushdo: 0.6292592593


Feature Importance by DGA Family:
family       | detection_rate | alphanumeric_ratio | digit_ratio | entropy | has_digits | length  | ngram_avg_freq | ngram_rarity_score | rare_ngram_count | rare_ngram_ratio
-----------------------------------------------------------------------------------------------------------------------------------------------------------------------------
corebot      | 1.0000         | 0.9276             | 0.1770      | 4.0763  | 0.9950     | 28.0093 | 14.0422        | 0.9816             | 19.7780          | 0.8576          
emotet       | 1.0000         | 0.9474             | 0.0000      | 3.6834  | 0.0000     | 19.0000 | 2.4184         | 0.9968             | 14.2499          | 0.9500          
murofet      | 1.0000         | 0.9633             | 0.0994      | 4.0780  | 0.3534     | 30.3697 | 2.8187         | 0.9963             | 24.0136          | 0.9516          
qadars       | 1.0000         | 0.9375             | 0.2070      | 3.5362  | 0.9782     | 16.0000 | 2.3435         | 0.9969             | 10.3956          | 0.9451          
ramdo        | 1.0000         | 0.9500             | 0.0000      | 3.3934  | 0.0000     | 20.0000 | 0.7295         | 0.9990             | 14.1307          | 0.9420          
ranbyus      | 1.0000         | 0.9502             | 0.0000      | 3.7219  | 0.0000     | 20.1153 | 2.4039         | 0.9968             | 15.0658          | 0.9498          
rovnix       | 1.0000         | 0.9537             | 0.1961      | 3.9428  | 0.9916     | 21.5999 | 1.9641         | 0.9974             | 16.3230          | 0.9602          
padcrypt     | 0.9996         | 0.9479             | 0.0000      | 3.1912  | 0.0000     | 20.3683 | 8.7631         | 0.9885             | 13.6340          | 0.8991          
gozi         | 0.9972         | 0.9560             | 0.0000      | 3.5474  | 0.0000     | 23.2570 | 5.9081         | 0.9922             | 14.3979          | 0.7884          
tinba        | 0.9938         | 0.9349             | 0.0002      | 3.4556  | 0.0008     | 15.8489 | 2.1779         | 0.9971             | 10.5599          | 0.9522          
matsnu       | 0.9870         | 0.9642             | 0.0000      | 3.7520  | 0.0000     | 30.1402 | 8.8015         | 0.9884             | 19.7896          | 0.7871          
dircrypt     | 0.9856         | 0.9420             | 0.0000      | 3.6361  | 0.0000     | 18.0448 | 2.1108         | 0.9972             | 12.4484          | 0.9545          
cryptolocker | 0.9837         | 0.9361             | 0.0000      | 3.6321  | 0.0000     | 17.7901 | 2.4271         | 0.9968             | 11.9933          | 0.9311          
fobber       | 0.9833         | 0.9289             | 0.0000      | 3.4329  | 0.0000     | 14.0830 | 2.1196         | 0.9972             | 8.6593           | 0.9533          
ramnit       | 0.9814         | 0.9405             | 0.0000      | 3.5897  | 0.0000     | 17.5053 | 2.3885         | 0.9969             | 11.8815          | 0.9499          
necurs       | 0.9698         | 0.9375             | 0.0000      | 3.5483  | 0.0000     | 17.1367 | 2.2689         | 0.9970             | 12.3397          | 0.9510          
pykspa       | 0.9510         | 0.9282             | 0.0000      | 3.3727  | 0.0000     | 14.5173 | 1.7569         | 0.9977             | 8.6518           | 0.9243          
kraken       | 0.9275         | 0.9022             | 0.0000      | 3.3736  | 0.0000     | 15.2510 | 2.1753         | 0.9971             | 9.6710           | 0.9308          
suppobox     | 0.8510         | 0.9391             | 0.0000      | 3.3060  | 0.0000     | 17.3807 | 9.9235         | 0.9870             | 9.5679           | 0.7767          
nymaim       | 0.8149         | 0.9137             | 0.0000      | 3.4821  | 0.0000     | 17.6810 | 9.4796         | 0.9876             | 10.7003          | 0.8012          
simda        | 0.7616         | 0.9130             | 0.0000      | 3.1939  | 0.0000     | 11.6513 | 3.1785         | 0.9958             | 5.6439           | 0.9082          
vawtrak      | 0.7573         | 0.9222             | 0.0000      | 3.2796  | 0.0000     | 13.0053 | 5.6032         | 0.9926             | 6.9743           | 0.8699          
symmi        | 0.7179         | 0.9012             | 0.0000      | 3.5307  | 0.0000     | 20.5055 | 20.1132        | 0.9736             | 12.1288          | 0.7796          
conficker    | 0.6494         | 0.8755             | 0.0000      | 3.0925  | 0.0001     | 10.8847 | 3.1925         | 0.9958             | 5.5569           | 0.8424          
pushdo       | 0.6293         | 0.9091             | 0.0000      | 3.0968  | 0.0000     | 11.0000 | 2.7440         | 0.9964             | 6.3213           | 0.9030          
